##PERIODIC:: 0.112804 0.10837 0.1
0.0440439 0.102332 0.05 0.005 -1
0.0993288 0.032207 0.05 0.005 -1
0.0794589 0.0675343 0.05 0.005 -1
0.0152584 0.0348041 0.05 0.005 -1
0.0854964 0.044464 0.05 0.005 -1
0.0552507 0.0364721 0.05 0.005 -1
0.0143408 0.0246876 0.05 0.005 -1
0.048009 -0.0269185 0.05 0.005 -1
0.00694963 0.0179518 0.05 0.005 -1
0.0155179 0.0777483 0.05 0.005 -1
0.0844846 0.104735 0.05 0.005 -1
0.0306584 0.0115339 0.05 0.005 -1
0.0657349 0.0820607 0.05 0.005 -1
-0.0192643 0.00766432 0.05 0.005 -1
0.0297444 0.0694205 0.05 0.005 -1
0.0528827 0.0593997 0.05 0.005 -1
0.0359218 0.0322157 0.05 0.005 -1
-0.00562694 0.0491814 0.05 0.005 -1
0.114638 0.0891503 0.05 0.005 -1
0.0202073 0.107779 0.05 0.005 -1
0.150343 0.042084 0.05 0.005 -1
0.0584399 0.0190503 0.05 0.005 -1
0.145784 0.0936163 0.05 0.005 -1
0.062965 0.0681925 0.05 0.005 -1
0.0537982 0.100129 0.05 0.005 -1
-0.00207156 0.104769 0.05 0.005 -1
0.0653274 0.0314019 0.05 0.005 -1
0.118807 0.066394 0.05 0.005 -1
0.0343461 0.0806286 0.05 0.005 -1
0.0807722 0.0137473 0.05 0.005 -1
0.0219105 0.0172272 0.05 0.005 -1
0.109463 0.114805 0.05 0.005 -1
-0.0170302 0.0610341 0.05 0.005 -1
0.0347405 0.0516843 0.05 0.005 -1
0.0522168 0.0269434 0.05 0.005 -1
0.0977191 0.0420766 0.05 0.005 -1
0.0815963 0.0237133 0.05 0.005 -1
0.0713693 0.0493151 0.05 0.005 -1
0.0265177 0.035616 0.05 0.005 -1
0.0452768 0.0357489 0.05 0.005 -1
0.0824732 0.0539961 0.05 0.005 -1
0.0302021 -0.00027052 0.05 0.005 -1
0.0424517 0.0631191 0.05 0.005 -1
0.0742275 0.0873403 0.05 0.005 -1
0.0489521 0.0496138 0.05 0.005 -1
0.0793975 -0.0122446 0.05 0.005 -1
0.0567133 -0.0219956 0.05 0.005 -1
0.0925263 0.051576 0.05 0.005 -1
0.0359475 0.130586 0.05 0.005 -1
0.0485392 0.0176442 0.05 0.005 -1
0.0647607 0.104174 0.05 0.005 -1
0.043032 0.0923834 0.05 0.005 -1
0.0508289 0.109678 0.05 0.005 -1
0.0683013 0.0173914 0.05 0.005 -1
0.0896338 0.0796109 0.05 0.005 -1
0.0641482 0.0413321 0.05 0.005 -1
0.0111497 0.0442353 0.05 0.005 -1
-0.00911428 0.0145998 0.05 0.005 -1
-0.00722855 0.0590523 0.05 0.005 -1
-0.0098295 0.098459 0.05 0.005 -1
0.0995664 0.0545007 0.05 0.0025 -1
0.129358 0.0494355 0.05 0.0025 -1
0.0597002 0.0264436 0.05 0.0025 -1
-0.00302788 0.0189823 0.05 0.0025 -1
-0.0198112 0.136565 0.05 0.0025 -1
0.0680612 0.0623747 0.05 0.0025 -1
-0.00219393 0.0284835 0.05 0.0025 -1
0.122758 0.0600186 0.05 0.0025 -1
-0.00604906 0.0900804 0.05 0.0025 -1
-0.0071887 0.0756376 0.05 0.0025 -1
0.0132584 0.104957 0.05 0.0025 -1
0.0293284 0.0568765 0.05 0.0025 -1
0.0867947 0.11187 0.05 0.0025 -1
0.011944 0.0516931 0.05 0.0025 -1
0.0994794 0.0208068 0.05 0.0025 -1
0.117028 -0.00767773 0.05 0.0025 -1
0.0737364 0.0334047 0.05 0.0025 -1
0.030041 0.0422369 0.05 0.0025 -1
0.0144014 0.114523 0.05 0.0025 -1
0.070289 0.0370261 0.05 0.0025 -1
0.0640671 0.0240085 0.05 0.0025 -1
0.083754 0.0613859 0.05 0.0025 -1
0.101039 0.00758377 0.05 0.0025 -1
0.00354995 0.0541888 0.05 0.0025 -1
0.138804 0.0907728 0.05 0.0025 -1
0.142162 0.0870487 0.05 0.0025 -1
0.052699 -0.0156603 0.05 0.0025 -1
-0.00515378 0.0416942 0.05 0.0025 -1
0.0244778 0.0859627 0.05 0.0025 -1
0.0883568 0.0589032 0.05 0.0025 -1
0.150136 0.0875084 0.05 0.0025 -1
0.0369036 0.100029 0.05 0.0025 -1
0.0821518 0.113726 0.05 0.0025 -1
-0.0212897 0.0167341 0.05 0.0025 -1
0.058602 0.0463808 0.05 0.0025 -1
0.118102 -0.00221227 0.05 0.0025 -1
-0.0138159 0.0697796 0.05 0.0025 -1
0.0582115 0.079006 0.05 0.0025 -1
0.0970506 0.0784964 0.05 0.0025 -1
0.114901 0.0494046 0.05 0.0025 -1
0.0965136 0.0167814 0.05 0.0025 -1
0.0996778 0.0493163 0.05 0.0025 -1
0.0449444 0.0432744 0.05 0.0025 -1
0.112273 0.0397903 0.05 0.0025 -1
0.0668015 0.0746369 0.05 0.0025 -1
0.0772559 0.0804789 0.05 0.0025 -1
0.0337946 0.0591244 0.05 0.0025 -1
0.0574692 0.0732961 0.05 0.0025 -1
0.0808956 0.0839071 0.05 0.0025 -1
0.0409931 0.0841025 0.05 0.0025 -1
0.00528928 -0.0125629 0.05 0.0025 -1
0.125871 -0.00840988 0.05 0.0025 -1
0.0192331 0.0452138 0.05 0.0025 -1
0.0689035 0.0563982 0.05 0.0025 -1
0.0820447 0.079041 0.05 0.0025 -1
0.0415472 0.0484234 0.05 0.0025 -1
0.0498308 -0.0353584 0.05 0.0025 -1
0.0219091 0.081673 0.05 0.0025 -1
0.076485 0.0755387 0.05 0.0025 -1
0.0420418 0.0533988 0.05 0.0025 -1
0.0439265 0.00442638 0.05 0.0025 -1
0.133444 0.0295806 0.05 0.0025 -1
0.0433038 0.0122739 0.05 0.0025 -1
0.0302452 0.1006 0.05 0.0025 -1
0.0251006 0.0430066 0.05 0.0025 -1
0.0854959 0.0858661 0.05 0.0025 -1
0.139712 0.0815932 0.05 0.0025 -1
0.0941665 0.0906932 0.05 0.0025 -1
0.0496091 0.0887791 0.05 0.0025 -1
-0.0186173 0.0683666 0.05 0.0025 -1
0.101896 0.0888992 0.05 0.0025 -1
0.0371821 0.0684559 0.05 0.0025 -1
0.115591 0.00211149 0.05 0.0025 -1
0.0906919 -0.00784469 0.05 0.0025 -1
0.102531 0.0028117 0.05 0.0025 -1
0.114467 0.0725105 0.05 0.0025 -1
0.0405415 0.116477 0.05 0.0025 -1
-0.0187846 0.0856954 0.05 0.0025 -1
0.101922 0.0251696 0.05 0.0025 -1
0.130579 0.0705962 0.05 0.0025 -1
0.00326509 0.0365355 0.05 0.0025 -1
0.00776866 0.118867 0.05 0.0025 -1
0.0865075 0.070097 0.05 0.0025 -1
0.120695 0.077426 0.05 0.0025 -1
0.122235 0.0821831 0.05 0.0025 -1
0.0930067 0.036242 0.05 0.0025 -1
0.108205 0.0852954 0.05 0.0025 -1
0.106844 -0.027886 0.05 0.0025 -1
0.0185535 0.0853797 0.05 0.0025 -1
0.125646 0.0949655 0.05 0.0025 -1
0.0554612 0.0677616 0.05 0.0025 -1
0.0786562 0.04754 0.05 0.0025 -1
0.0733654 0.00413017 0.05 0.0025 -1
0.0197113 0.0579136 0.05 0.0025 -1
0.0646266 0.0538015 0.05 0.0025 -1
0.0481162 0.0101562 0.05 0.0025 -1
0.0461199 0.0696609 0.05 0.0025 -1
0.0633157 0.111533 0.05 0.0025 -1
0.0958219 0.0736497 0.05 0.0025 -1
0.0771283 0.103274 0.05 0.0025 -1
0.0717511 0.0739292 0.05 0.0025 -1
0.0934352 0.104706 0.05 0.0025 -1
-0.00111411 0.0236015 0.05 0.0025 -1
0.0888406 0.0324983 0.05 0.0025 -1
0.106814 0.140109 0.05 0.0025 -1
0.0689942 0.0248594 0.05 0.0025 -1
0.027955 0.0767039 0.05 0.0025 -1
0.0353122 0.00521916 0.05 0.0025 -1
0.0870693 0.0651287 0.05 0.0025 -1
-0.000746066 0.0821083 0.05 0.0025 -1
0.103324 -0.00241635 0.05 0.0025 -1
0.110696 0.0772972 0.05 0.0025 -1
0.0403158 0.0760885 0.05 0.0025 -1
0.0541153 0.044174 0.05 0.0025 -1
0.139488 0.0233288 0.05 0.0025 -1
0.135759 0.0767837 0.05 0.0025 -1
0.0403858 0.000509168 0.05 0.0025 -1
0.017088 0.0113179 0.05 0.0025 -1
0.0880323 0.0275641 0.05 0.0025 -1
0.0608034 0.00748602 0.05 0.0025 -1
0.0618983 0.0756162 0.05 0.0025 -1
0.000390542 0.0447048 0.05 0.0025 -1
0.072522 0.0788694 0.05 0.0025 -1
0.119233 0.0326639 0.05 0.0025 -1
0.0249573 0.063647 0.05 0.0025 -1
0.0682743 0.00252028 0.05 0.0025 -1
0.0815544 0.0889425 0.05 0.0025 -1
0.173061 0.0562404 0.05 0.0025 -1
0.121639 -0.00574616 0.05 0.0025 -1
0.0765619 0.0429984 0.05 0.0025 -1
-0.00588196 0.0251074 0.05 0.0025 -1
0.0130451 0.0689766 0.05 0.0025 -1
0.11699 0.04145 0.05 0.0025 -1
0.120312 0.0277819 0.05 0.0025 -1
0.0786042 0.0345467 0.05 0.0025 -1
0.075149 0.038201 0.05 0.0025 -1
0.125888 0.0639221 0.05 0.0025 -1
0.0882311 0.0129627 0.05 0.0025 -1
0.0721655 -0.00570508 0.05 0.0025 -1
0.104209 0.0708394 0.05 0.0025 -1
0.149848 -0.00334191 0.05 0.0025 -1
0.07243 0.0599428 0.05 0.0025 -1
0.0910245 0.0722409 0.05 0.0025 -1
0.0132059 0.0899774 0.05 0.0025 -1
0.0774398 0.00702831 0.05 0.0025 -1
0.0908989 0.000644456 0.05 0.0025 -1
0.0529167 0.0115543 0.05 0.0025 -1
0.122661 0.0728284 0.05 0.0025 -1
0.0756131 0.019191 0.05 0.0025 -1
0.00257392 0.0269777 0.05 0.0025 -1
0.0722916 0.028618 0.05 0.0025 -1
0.0207953 0.0404641 0.05 0.0025 -1
0.0576516 0.106563 0.05 0.0025 -1
0.100756 0.0744564 0.05 0.0025 -1
0.0250252 0.113526 0.05 0.0025 -1
0.0174787 0.0930935 0.05 0.0025 -1
0.120516 0.111345 0.05 0.0025 -1
0.0722434 0.00900266 0.05 0.0025 -1
0.00870582 0.0921567 0.05 0.0025 -1
-0.00945717 -0.0242561 0.05 0.0025 -1
0.0720944 -0.000705593 0.05 0.0025 -1
0.0956868 -0.00812883 0.05 0.0025 -1
0.0579167 0.0115685 0.05 0.0025 -1
0.0554291 0.115602 0.05 0.0025 -1
0.0535301 0.0763756 0.05 0.0025 -1
0.0254439 0.0281933 0.05 0.0025 -1
0.125076 0.0126682 0.05 0.0025 -1
0.034923 0.0639954 0.05 0.0025 -1
0.117132 0.00686807 0.05 0.0025 -1
0.148939 0.0733452 0.05 0.0025 -1
-0.0267231 0.116819 0.05 0.0025 -1
0.115696 0.0773572 0.05 0.0025 -1
0.0292227 0.127265 0.05 0.0025 -1
0.0667107 0.0894969 0.05 0.0025 -1
-0.00135121 0.0678614 0.05 0.0025 -1
0.0834652 0.0357177 0.05 0.0025 -1
0.0148965 0.0592619 0.05 0.0025 -1
0.0193511 0.00685931 0.05 0.0025 -1
0.072092 0.0689408 0.05 0.0025 -1
-0.00230142 0.0351145 0.05 0.0025 -1
0.138325 -0.00613082 0.05 0.0025 -1
0.0841426 -0.0338679 0.05 0.0025 -1
0.0206601 0.0522887 0.05 0.0025 -1
0.0867882 -0.010969 0.05 0.0025 -1
0.0867554 0.0182696 0.05 0.0025 -1
0.0420725 0.0279239 0.05 0.0025 -1
0.00443176 0.0821143 0.05 0.0025 -1
0.0578657 -0.0145737 0.05 0.0025 -1
0.0233462 0.00986587 0.05 0.0025 -1
0.106648 0.0664751 0.05 0.0025 -1
0.0212404 0.0669913 0.05 0.0025 -1
0.08559 0.0918945 0.05 0.0025 -1
0.0984119 -0.0250628 0.05 0.0025 -1
0.0264635 0.097329 0.05 0.0025 -1
0.0770587 0.108289 0.05 0.0025 -1
0.0303445 0.0272013 0.05 0.0025 -1
0.138255 0.0537198 0.05 0.0025 -1
-0.0167533 0.000597147 0.05 0.0025 -1
0.135129 -0.0138478 0.05 0.0025 -1
0.0135686 0.0849906 0.05 0.0025 -1
0.0209083 -0.00805882 0.05 0.0025 -1
0.0969224 0.0251036 0.05 0.0025 -1
0.043395 0.023102 0.05 0.0025 -1
0.0881551 0.0374511 0.05 0.0025 -1
0.00843495 0.055255 0.05 0.0025 -1
0.00506911 0.0589524 0.05 0.0025 -1
0.0218407 0.0247268 0.05 0.0025 -1
0.0938669 0.0211458 0.05 0.0025 -1
-0.0143763 -0.00394672 0.05 0.0025 -1
-0.0110773 0.0655963 0.05 0.0025 -1
0.121872 -0.0212004 0.05 0.0025 -1
0.119786 0.0504708 0.05 0.0025 -1
0.0645348 0.0588301 0.05 0.0025 -1
0.0891085 0.0226813 0.05 0.0025 -1
0.112985 0.0578966 0.05 0.0025 -1
0.0459682 0.0564946 0.05 0.0025 -1
0.101985 0.079303 0.05 0.0025 -1
0.0698226 0.0934105 0.05 0.0025 -1
0.0410918 0.016758 0.05 0.0025 -1
0.0450733 0.0745502 0.05 0.0025 -1
0.0800168 0.039343 0.05 0.0025 -1
0.0497356 0.0662075 0.05 0.0025 -1
0.0382122 0.121041 0.05 0.0025 -1
0.0628748 0.120585 0.05 0.0025 -1
0.11333 0.0973274 0.05 0.0025 -1
0.0961874 -0.0131037 0.05 0.0025 -1
0.0648798 -0.0140833 0.05 0.0025 -1
0.142454 0.0619211 0.05 0.0025 -1
0.12894 0.054418 0.05 0.0025 -1
0.0413624 0.0711992 0.05 0.0025 -1
0.0601536 0.0612393 0.05 0.0025 -1
0.0895315 -0.0195523 0.05 0.0025 -1
0.0695512 0.0984031 0.05 0.0025 -1
0.0211222 0.0896694 0.05 0.0025 -1
0.00287829 0.0116531 0.05 0.0025 -1
0.0282374 0.0469003 0.05 0.0025 -1
0.0497194 0.0417915 0.05 0.0025 -1
0.0741003 0.0239566 0.05 0.0025 -1
0.0673348 0.118324 0.05 0.0025 -1
0.0717016 0.0418225 0.05 0.0025 -1
0.0583158 0.0031488 0.05 0.0025 -1
0.109467 0.0724505 0.05 0.0025 -1
-0.00166319 0.0137447 0.05 0.0025 -1
0.0144106 0.0171879 0.05 0.0025 -1
0.0595352 0.0512929 0.05 0.0025 -1
0.0771594 0.02976 0.05 0.0025 -1
0.00149411 0.0318597 0.05 0.0025 -1
0.0246558 0.0586561 0.05 0.0025 -1
0.0841507 0.0307649 0.05 0.0025 -1
0.112127 0.0628658 0.05 0.0025 -1
0.0777399 0.0601827 0.05 0.0025 -1
0.121004 0.0373397 0.05 0.0025 -1
0.0751862 0.0557711 0.05 0.0025 -1
0.0124988 0.00152843 0.05 0.0025 -1
0.13083 0.063161 0.05 0.0025 -1
0.135434 0.0717943 0.05 0.0025 -1
0.0638851 0.0488275 0.05 0.0025 -1
0.090225 -0.0146006 0.05 0.0025 -1
-0.003525 -0.0139737 0.05 0.0025 -1
0.0610942 0.0976185 0.05 0.0025 -1
-0.00706927 0.0366203 0.05 0.0025 -1
0.0718747 0.0649467 0.05 0.0015 -1
0.106047 0.109275 0.05 0.0015 -1
0.021638 0.0484101 0.05 0.0015 -1
-0.0226987 0.0683481 0.05 0.0015 -1
0.0536939 0.0719744 0.05 0.0015 -1
0.0919651 0.0451002 0.05 0.0015 -1
0.0577491 0.0424728 0.05 0.0015 -1
0.0392129 0.112704 0.05 0.0015 -1
0.0544146 0.0802828 0.05 0.0015 -1
0.080175 -0.0343756 0.05 0.0015 -1
0.112639 0.052704 0.05 0.0015 -1
0.0168473 0.0411069 0.05 0.0015 -1
0.0104075 0.114301 0.05 0.0015 -1
0.000504873 0.0171062 0.05 0.0015 -1
0.0691588 0.0662212 0.05 0.0015 -1
0.0806741 0.110005 0.05 0.0015 -1
0.0171108 0.0891105 0.05 0.0015 -1
0.0160741 0.0973225 0.05 0.0015 -1
0.123563 -0.078258 0.05 0.0015 -1
0.0320595 0.0456962 0.05 0.0015 -1
0.0377624 0.058618 0.05 0.0015 -1
0.0728995 0.0959664 0.05 0.0015 -1
0.0999592 0.108119 0.05 0.0015 -1
-0.0202207 -0.0113695 0.05 0.0015 -1
0.12418 0.00876977 0.05 0.0015 -1
0.0744443 0.0633986 0.05 0.0015 -1
-0.00639567 0.0211405 0.05 0.0015 -1
0.0356279 0.0157236 0.05 0.0015 -1
0.0480559 0.0966981 0.05 0.0015 -1
-0.00332985 -0.00997851 0.05 0.0015 -1
0.0402833 0.0569915 0.05 0.0015 -1
0.0744746 0.0153564 0.05 0.0015 -1
0.0216317 0.0614241 0.05 0.0015 -1
0.110476 0.054782 0.05 0.0015 -1
0.00461716 0.0457891 0.05 0.0015 -1
0.121349 0.0983679 0.05 0.0015 -1
-0.0392835 -0.00946875 0.05 0.0015 -1
0.0977252 0.0872801 0.05 0.0015 -1
-0.00817904 0.0283861 0.05 0.0015 -1
0.0910519 0.0655015 0.05 0.0015 -1
0.0909099 0.0408075 0.05 0.0015 -1
0.028288 0.0509 0.05 0.0015 -1
0.0333585 -0.0213172 0.05 0.0015 -1
0.069195 0.00641286 0.05 0.0015 -1
0.0443854 0.000452795 0.05 0.0015 -1
0.0253557 0.0497088 0.05 0.0015 -1
0.0461628 0.13768 0.05 0.0015 -1
0.0190251 -0.0115878 0.05 0.0015 -1
0.118347 0.0242979 0.05 0.0015 -1
0.113617 0.0200967 0.05 0.0015 -1
0.0124116 0.0559262 0.05 0.0015 -1
0.0416198 0.0799691 0.05 0.0015 -1
0.0445321 0.00838028 0.05 0.0015 -1
0.0167848 -0.00646772 0.05 0.0015 -1
0.0568067 0.0542179 0.05 0.0015 -1
0.103425 0.0214628 0.05 0.0015 -1
0.0573668 0.0641821 0.05 0.0015 -1
0.00283831 0.0229864 0.05 0.0015 -1
0.0981463 0.0902919 0.05 0.0015 -1
0.0647593 0.00689345 0.05 0.0015 -1
0.121942 0.107495 0.05 0.0015 -1
0.0364851 0.109765 0.05 0.0015 -1
-0.0199748 0.0321912 0.05 0.0015 -1
0.0518861 0.0695803 0.05 0.0015 -1
0.0550879 0.0517591 0.05 0.0015 -1
0.045745 0.0263388 0.05 0.0015 -1
0.0630158 0.0879647 0.05 0.0015 -1
0.0744227 0.120727 0.05 0.0015 -1
0.0994717 0.0929832 0.05 0.0015 -1
0.103941 0.0401958 0.05 0.0015 -1
0.0366408 0.00899208 0.05 0.0015 -1
0.0553978 0.0487752 0.05 0.0015 -1
0.0337381 0.102553 0.05 0.0015 -1
0.068755 0.0711464 0.05 0.0015 -1
0.032632 0.0378217 0.05 0.0015 -1
0.0514336 0.116178 0.05 0.0015 -1
0.104067 0.0434733 0.05 0.0015 -1
0.0974183 0.121255 0.05 0.0015 -1
0.0242374 0.0469124 0.05 0.0015 -1
